50
52.5252525252525
55.0505050505051
57.5757575757576
60.1010101010101
62.6262626262626
65.1515151515152
67.6767676767677
70.2020202020202
72.7272727272727
75.2525252525253
77.7777777777778
80.3030303030303
82.8282828282828
85.3535353535354
87.8787878787879
90.4040404040404
92.9292929292929
95.4545454545455
97.9797979797980
100.505050505051
103.030303030303
105.555555555556
108.080808080808
110.606060606061
113.131313131313
115.656565656566
118.181818181818
120.707070707071
123.232323232323
125.757575757576
128.282828282828
130.808080808081
133.333333333333
135.858585858586
138.383838383838
140.909090909091
143.434343434343
145.959595959596
148.484848484849
151.010101010101
153.535353535354
156.060606060606
158.585858585859
161.111111111111
163.636363636364
166.161616161616
168.686868686869
171.212121212121
173.737373737374
176.262626262626
178.787878787879
181.313131313131
183.838383838384
186.363636363636
188.888888888889
191.414141414141
193.939393939394
196.464646464646
198.989898989899
201.515151515152
204.040404040404
206.565656565657
209.090909090909
211.616161616162
214.141414141414
216.666666666667
219.191919191919
221.717171717172
224.242424242424
226.767676767677
229.292929292929
231.818181818182
234.343434343434
236.868686868687
239.393939393939
241.919191919192
244.444444444444
246.969696969697
249.494949494950
252.020202020202
254.545454545455
257.070707070707
259.595959595960
262.121212121212
264.646464646465
267.171717171717
269.696969696970
272.222222222222
274.747474747475
277.272727272727
279.797979797980
282.323232323232
284.848484848485
287.373737373737
289.898989898990
292.424242424242
294.949494949495
297.474747474747
300