70.9127760079095
67.1932060340813
63.8451483574162
60.8155902271411
58.0611470972042
55.5459717146587
53.2401854150485
51.1186855467205
49.1602278517396
47.3467125815111
45.6626234569443
44.0945826100798
42.6309944664158
41.2617585000487
39.9780358069619
38.7720580887683
37.6369703214854
36.5667003769422
35.5558503595109
34.5996055525155
33.6936577324707
32.8341402738934
32.0175729825699
31.2408149972918
30.5010244160828
29.7956235528406
29.1222689291326
28.4788252649590
27.8633428602592
27.2740378624165
26.7092749990942
26.1675524243869
25.6474883825624
25.1478094400393
24.6673400745887
24.2049934425846
23.7597631716606
23.3307160483237
22.9169854887036
22.5177656963023
22.1323064238657
21.7599082677300
21.3999184325454
21.0517269124216
20.7147630414966
20.3884923728983
20.0724138501942
19.7660572398412
19.4689807969655
19.1807691401013
18.9010313133876
18.6293990172106
18.3655249904533
18.1090815294111
17.8597591300892
17.6172652420562
17.3813231233031
17.1516707866849
16.9280600295118
16.7102555387325
16.4980340649293
16.2911836590279
16.0895029662374
15.8928005722753
15.7008943974162
15.5136111343307
15.3307857260681
15.1522608808766
14.9778866208639
14.8075198617760
14.6410240214196
14.4782686544765
14.3191291116563
14.1634862213172
14.0112259918452
13.8622393332297
13.7164217964063
13.5736733290579
13.4338980466746
13.2970040177713
13.1629030622519
13.0315105619914
12.9027452827793
12.7765292068395
12.6527873751984
12.5314477392342
12.4124410207881
12.2957005802677
12.1811622922144
12.0687644278467
11.9584475441277
11.8501543789373
11.7438297519613
11.6394204709363
11.5368752429168
11.4361445902523
11.3371807709855
11.2399377034033
11.1443708944895
11.0504373720454